$ANSIBLE_VAULT;1.1;AES256
32646236646231666434613266336431643064376434353933303439306437306138613766363132
6562326364623130376536323932623861313863316463350a643031356632333133363333316132
65326233656330333166373332613632616566643834396431376532383163336265363131373031
3736636637303037350a346364333830666239646433323266343237646139353262306266646232
32656266326233613233633530313336663738386338396364343636383039663261333466393831
38643365633163666437353637303636613566313334336665366334316665663731333630343733
38356232663266356562633466343565633632326238396366613864306134333664356634346134
61366330633030373732656466663562343464613863626434333732343837643032373835333231
37653461323462306565393932333730316236346365383633386138613964666530666266613834
34663031616566613863396630626233373037316166313363353732613335346634323364343936
64306166326464306330343036393962373636333131616562656339623134353834323062323836
36656333653234633933366334316536363834636263313966396664666430356465663837666238
39613466626436346439313035623032366166306665323961666363346437306662353931616434
30313533303638646233393163323736333864393430393030383535623833613831396333643538
64343062313533666435633061663065323932653137646136303565613938633534363439646433
37303462643239386365356538393433376164386337616632333039316165396436396532323838
66376630623434343064313964383732376332383166343836343932356662633962333435633365
38656535323964653832623634396162316561633338623164656337353232333437653865636532
31656266623466633039633439323263663939666530636163313038386162613339653631653238
66336137616566376438303130363132356234373663616236363632633065613032366662353764
35373662663335326465353436306531653931636433396231616164303238353963366534353863
31373864653436323930366130653163633933626364393036336534613430313931313064626361
62646235333431346233646334663161333736666261393235623761633639616565376362366531
65653635303266626538333339633333333934653539653537393865623661376630373365346161
66383936636364393037633439656432623936303262636361363266343630643662646666643231
38356334353031383435343061303665333363646535366566613064633833333335616437333337
30366534363765373363306336663961646232313966626166323631343366643135656634346161
32343732643736323061326436386136303335623338616465363437323538303837653139323461
30333035653536663066643939346665306462363030653137613239383434373065306164343063
63373263656665643666643138376262623462646563346439376433353137336462623730656262
35313939326262363038393237336131306464303161636439366635623737383663363162316564
34623236396465363961633530393930366235353261333531346362313233353836343833333132
39656533393337656431653833373930303965356265383530373931623538653235613337386230
31343530326663323138643333636262663430636638666232633266663264653766303931343038
63393133323862656132306265346363373430356338666230633330356530353033623530303437
31613135336434336438326634393736613265326163633864353865366365313134633566393339
38636266303061663763363833303034376537343632663735656231396436303037663035386139
37366136313530616261353061613163396334636163373834643838653262306534623532313539
63623435346561356333623036333863383963303334323436623736613732393939323933653865
66626237333165663034653633633934313665373530616535336436636139643863346134393830
63653762383766313765346137643832373462626538613439393234306535336338623332643838
33386239363865366235346361316261666231336364343336643439613832643265333562656532
32333433316161373165396331303837393539363933326566613632373636656536323638343336
35393362313930396134623835356536353633393636313139303864646531326336633031396364
36333932313862653033316438393936373531313063643262373336636265656466316639313061
33356334376366623761383161326564346139396261326135353361633237356533646132393061
33616266363162633166663437346164393263653639383533383863646666366664623438626638
34376639663939646566313134343134643735363934303066346263383862636331363539636164
63613534333733613235303365303038373761303436646238646562663233313361623537316332
36346135633033636134346562386632666236373330623663396432666365653235343237623931
32363433303834303764373563346135393936363164303630306537303736646365623633643732
63393738383362346563313530376664663434373837343264333238343734383963393663653866
38373433333134366430363938353737303036316432623536333165323930336263303032306663
61343331383263363165653339616263393365393462323630383738613139663866653061643833
64373536316538646433643235316561326361346536613163343237656534306565613535636635
30663963343463666464663433393335386262363130343537623761363365323935633537373436
34366234643335643330353264633830666336323134313331393735333332643534643238313065
36633034383333633464336431343165333732356635636638343531643830643135663033323666
36613936366266326465663231353538373233646463613336656232623938353935353331393563
35353136343733623736666238373233313030313361653762343636346630316135326132393165
33626365633237313534366536396139613537303262326466386530383465663231656237643366
35353831323962343631653465343531333337393138333263303966336439373465363737316662
61343362646263333161343730396163356334613365366262333937396136633635613661313161
36646265613938383063653836616264623436376134313439343663633933626564376230616461
35386235616138656335326335313737663631383561343931613137646338306637333736306539
35623964336365613030616361613639393363626236646265356162623037653935633537663333
65663464306432393862396133633362376630353335373961353965326532653737356435656239
37323062653339353033633363613334333931313164393166396635313931356364393337633664
36333731346666613963383839333564613965326535303164653466383461373266663733346665
35656439646631663861666463383465663232326337363735343763333934373563616635633438
62333063323237316235356461616364316537343465326436356130623430303339383465636239
65323137613633663135623031363861666239663938346534386330306361303736663466643634
31306438393438316665366262663462343135393633323765646338646338333839633861313838
33356561313730633264666435306565326332383237316263623462333138623265656132643734
30383663613633373662626363366436326639396665376231393964363334323262333739616630
34366261663865633439663764653835666139656666623434613531383437633736336333393238
64396539326364623535393862646263323461373633323166363133323866323964323066333664
32626634633839326237326562643966653539323562396230346462613530386530346466303066
34356266343463353731353031623965343835663936386139636432336433326432326337333865
65616631393938306433633836633737646531316136643235313930373836313162643465383237
35653462383664333163303331346662643666336661613638656235613239633833343838643265
32646561353430616637376665643439393563393666643836333364663134353134326261323362
61313662306131306263613665363031643136376434663039613761396264346335626132633639
30636266333437613130623934656632363063393061633038393466626265353934666161653934
31663532666437653232306236626461623730353062633634393566303536393135333930333539
34626134633236633433323265353864363261353566346438356165396134636539303532656231
37306337333765363834356136346434663630666562383737633761393632323332373862363463
33343631376337646432626334376330343863383033663831303362303438636264353632663464
30613333353866626662636236353037303861656236653439613336613366616663326237376230
30303564316236383333623833643135373164313730343338633436383361653036623366636638
623062663530373766633339376161376235
